"Label (Grouping)","Washington!!Total!!Estimate","Washington!!Percent!!Estimate","Washington!!Male!!Estimate","Washington!!Percent Male!!Estimate","Washington!!Female!!Estimate","Washington!!Percent Female!!Estimate","Benton County, Washington!!Total!!Estimate","Benton County, Washington!!Percent!!Estimate","Benton County, Washington!!Male!!Estimate","Benton County, Washington!!Percent Male!!Estimate","Benton County, Washington!!Female!!Estimate","Benton County, Washington!!Percent Female!!Estimate","Chelan County, Washington!!Total!!Estimate","Chelan County, Washington!!Percent!!Estimate","Chelan County, Washington!!Male!!Estimate","Chelan County, Washington!!Percent Male!!Estimate","Chelan County, Washington!!Female!!Estimate","Chelan County, Washington!!Percent Female!!Estimate","Clallam County, Washington!!Total!!Estimate","Clallam County, Washington!!Percent!!Estimate","Clallam County, Washington!!Male!!Estimate","Clallam County, Washington!!Percent Male!!Estimate","Clallam County, Washington!!Female!!Estimate","Clallam County, Washington!!Percent Female!!Estimate","Clark County, Washington!!Total!!Estimate","Clark County, Washington!!Percent!!Estimate","Clark County, Washington!!Male!!Estimate","Clark County, Washington!!Percent Male!!Estimate","Clark County, Washington!!Female!!Estimate","Clark County, Washington!!Percent Female!!Estimate","Cowlitz County, Washington!!Total!!Estimate","Cowlitz County, Washington!!Percent!!Estimate","Cowlitz County, Washington!!Male!!Estimate","Cowlitz County, Washington!!Percent Male!!Estimate","Cowlitz County, Washington!!Female!!Estimate","Cowlitz County, Washington!!Percent Female!!Estimate","Franklin County, Washington!!Total!!Estimate","Franklin County, Washington!!Percent!!Estimate","Franklin County, Washington!!Male!!Estimate","Franklin County, Washington!!Percent Male!!Estimate","Franklin County, Washington!!Female!!Estimate","Franklin County, Washington!!Percent Female!!Estimate","Grant County, Washington!!Total!!Estimate","Grant County, Washington!!Percent!!Estimate","Grant County, Washington!!Male!!Estimate","Grant County, Washington!!Percent Male!!Estimate","Grant County, Washington!!Female!!Estimate","Grant County, Washington!!Percent Female!!Estimate","Grays Harbor County, Washington!!Total!!Estimate","Grays Harbor County, Washington!!Percent!!Estimate","Grays Harbor County, Washington!!Male!!Estimate","Grays Harbor County, Washington!!Percent Male!!Estimate","Grays Harbor County, Washington!!Female!!Estimate","Grays Harbor County, Washington!!Percent Female!!Estimate","Island County, Washington!!Total!!Estimate","Island County, Washington!!Percent!!Estimate","Island County, Washington!!Male!!Estimate","Island County, Washington!!Percent Male!!Estimate","Island County, Washington!!Female!!Estimate","Island County, Washington!!Percent Female!!Estimate","King County, Washington!!Total!!Estimate","King County, Washington!!Percent!!Estimate","King County, Washington!!Male!!Estimate","King County, Washington!!Percent Male!!Estimate","King County, Washington!!Female!!Estimate","King County, Washington!!Percent Female!!Estimate","Kitsap County, Washington!!Total!!Estimate","Kitsap County, Washington!!Percent!!Estimate","Kitsap County, Washington!!Male!!Estimate","Kitsap County, Washington!!Percent Male!!Estimate","Kitsap County, Washington!!Female!!Estimate","Kitsap County, Washington!!Percent Female!!Estimate","Lewis County, Washington!!Total!!Estimate","Lewis County, Washington!!Percent!!Estimate","Lewis County, Washington!!Male!!Estimate","Lewis County, Washington!!Percent Male!!Estimate","Lewis County, Washington!!Female!!Estimate","Lewis County, Washington!!Percent Female!!Estimate","Mason County, Washington!!Total!!Estimate","Mason County, Washington!!Percent!!Estimate","Mason County, Washington!!Male!!Estimate","Mason County, Washington!!Percent Male!!Estimate","Mason County, Washington!!Female!!Estimate","Mason County, Washington!!Percent Female!!Estimate","Pierce County, Washington!!Total!!Estimate","Pierce County, Washington!!Percent!!Estimate","Pierce County, Washington!!Male!!Estimate","Pierce County, Washington!!Percent Male!!Estimate","Pierce County, Washington!!Female!!Estimate","Pierce County, Washington!!Percent Female!!Estimate","Skagit County, Washington!!Total!!Estimate","Skagit County, Washington!!Percent!!Estimate","Skagit County, Washington!!Male!!Estimate","Skagit County, Washington!!Percent Male!!Estimate","Skagit County, Washington!!Female!!Estimate","Skagit County, Washington!!Percent Female!!Estimate","Snohomish County, Washington!!Total!!Estimate","Snohomish County, Washington!!Percent!!Estimate","Snohomish County, Washington!!Male!!Estimate","Snohomish County, Washington!!Percent Male!!Estimate","Snohomish County, Washington!!Female!!Estimate","Snohomish County, Washington!!Percent Female!!Estimate","Spokane County, Washington!!Total!!Estimate","Spokane County, Washington!!Percent!!Estimate","Spokane County, Washington!!Male!!Estimate","Spokane County, Washington!!Percent Male!!Estimate","Spokane County, Washington!!Female!!Estimate","Spokane County, Washington!!Percent Female!!Estimate","Thurston County, Washington!!Total!!Estimate","Thurston County, Washington!!Percent!!Estimate","Thurston County, Washington!!Male!!Estimate","Thurston County, Washington!!Percent Male!!Estimate","Thurston County, Washington!!Female!!Estimate","Thurston County, Washington!!Percent Female!!Estimate","Whatcom County, Washington!!Total!!Estimate","Whatcom County, Washington!!Percent!!Estimate","Whatcom County, Washington!!Male!!Estimate","Whatcom County, Washington!!Percent Male!!Estimate","Whatcom County, Washington!!Female!!Estimate","Whatcom County, Washington!!Percent Female!!Estimate","Yakima County, Washington!!Total!!Estimate","Yakima County, Washington!!Percent!!Estimate","Yakima County, Washington!!Male!!Estimate","Yakima County, Washington!!Percent Male!!Estimate","Yakima County, Washington!!Female!!Estimate","Yakima County, Washington!!Percent Female!!Estimate"
"AGE BY EDUCATIONAL ATTAINMENT","","","","","","","","","","","","","","","","","","","","","","","","","","","","","","","","","","","","","","","","","","","","","","","","","","","","","","","","","","","","","","","","","","","","","","","","","","","","","","","","","","","","","","","","","","","","","","","","","","","","","","","","","","","","","","","","","","","","","","","","","","","","","",""
"    Population 18 to 24 years","671,550","(X)","351,705","(X)","319,845","(X)","18,629","(X)","10,168","(X)","8,461","(X)","6,264","(X)","2,770","(X)","3,494","(X)","4,147","(X)","2,078","(X)","2,069","(X)","41,456","(X)","21,920","(X)","19,536","(X)","8,545","(X)","4,446","(X)","4,099","(X)","10,435","(X)","5,481","(X)","4,954","(X)","9,653","(X)","4,948","(X)","4,705","(X)","4,852","(X)","2,712","(X)","2,140","(X)","6,994","(X)","4,384","(X)","2,610","(X)","186,980","(X)","94,177","(X)","92,803","(X)","26,415","(X)","15,795","(X)","10,620","(X)","6,511","(X)","3,698","(X)","2,813","(X)","4,357","(X)","2,515","(X)","1,842","(X)","83,047","(X)","45,573","(X)","37,474","(X)","8,499","(X)","4,939","(X)","3,560","(X)","61,849","(X)","32,335","(X)","29,514","(X)","50,771","(X)","26,186","(X)","24,585","(X)","23,241","(X)","11,299","(X)","11,942","(X)","31,267","(X)","15,500","(X)","15,767","(X)","24,940","(X)","12,769","(X)","12,171","(X)"
"        Less than high school graduate","85,472","12.7%","50,429","14.3%","35,043","11.0%","3,214","17.3%","2,043","20.1%","1,171","13.8%","574","9.2%","391","14.1%","183","5.2%","641","15.5%","325","15.6%","316","15.3%","4,434","10.7%","2,436","11.1%","1,998","10.2%","1,015","11.9%","409","9.2%","606","14.8%","1,597","15.3%","630","11.5%","967","19.5%","1,358","14.1%","1,074","21.7%","284","6.0%","1,205","24.8%","517","19.1%","688","32.1%","533","7.6%","155","3.5%","378","14.5%","24,286","13.0%","14,673","15.6%","9,613","10.4%","4,608","17.4%","2,690","17.0%","1,918","18.1%","695","10.7%","559","15.1%","136","4.8%","550","12.6%","417","16.6%","133","7.2%","10,085","12.1%","5,775","12.7%","4,310","11.5%","1,229","14.5%","748","15.1%","481","13.5%","7,545","12.2%","4,602","14.2%","2,943","10.0%","4,863","9.6%","3,033","11.6%","1,830","7.4%","3,172","13.6%","2,103","18.6%","1,069","9.0%","3,148","10.1%","1,679","10.8%","1,469","9.3%","6,335","25.4%","3,853","30.2%","2,482","20.4%"
"        High school graduate (includes equivalency)","244,136","36.4%","138,950","39.5%","105,186","32.9%","9,533","51.2%","5,374","52.9%","4,159","49.2%","2,939","46.9%","1,027","37.1%","1,912","54.7%","1,814","43.7%","1,155","55.6%","659","31.9%","19,471","47.0%","10,143","46.3%","9,328","47.7%","4,335","50.7%","2,450","55.1%","1,885","46.0%","5,071","48.6%","2,917","53.2%","2,154","43.5%","4,443","46.0%","2,045","41.3%","2,398","51.0%","2,260","46.6%","1,123","41.4%","1,137","53.1%","3,125","44.7%","2,577","58.8%","548","21.0%","49,316","26.4%","26,881","28.5%","22,435","24.2%","13,048","49.4%","8,856","56.1%","4,192","39.5%","2,596","39.9%","1,696","45.9%","900","32.0%","1,940","44.5%","1,208","48.0%","732","39.7%","33,846","40.8%","21,549","47.3%","12,297","32.8%","4,411","51.9%","2,605","52.7%","1,806","50.7%","24,351","39.4%","13,269","41.0%","11,082","37.5%","18,920","37.3%","10,551","40.3%","8,369","34.0%","7,970","34.3%","4,333","38.3%","3,637","30.5%","7,623","24.4%","4,391","28.3%","3,232","20.5%","10,746","43.1%","6,173","48.3%","4,573","37.6%"
"        Some college or associate's degree","235,801","35.1%","117,715","33.5%","118,086","36.9%","4,054","21.8%","1,960","19.3%","2,094","24.7%","1,699","27.1%","1,155","41.7%","544","15.6%","1,589","38.3%","578","27.8%","1,011","48.9%","12,356","29.8%","7,174","32.7%","5,182","26.5%","2,907","34.0%","1,419","31.9%","1,488","36.3%","3,421","32.8%","1,913","34.9%","1,508","30.4%","3,852","39.9%","1,829","37.0%","2,023","43.0%","962","19.8%","697","25.7%","265","12.4%","2,776","39.7%","1,482","33.8%","1,294","49.6%","60,227","32.2%","29,437","31.3%","30,790","33.2%","7,025","26.6%","3,102","19.6%","3,923","36.9%","2,974","45.7%","1,443","39.0%","1,531","54.4%","1,198","27.5%","491","19.5%","707","38.4%","29,742","35.8%","14,797","32.5%","14,945","39.9%","2,131","25.1%","1,089","22.0%","1,042","29.3%","20,075","32.5%","10,348","32.0%","9,727","33.0%","21,842","43.0%","10,253","39.2%","11,589","47.1%","9,244","39.8%","3,820","33.8%","5,424","45.4%","15,196","48.6%","7,414","47.8%","7,782","49.4%","5,872","23.5%","2,315","18.1%","3,557","29.2%"
"        Bachelor's degree or higher","106,141","15.8%","44,611","12.7%","61,530","19.2%","1,828","9.8%","791","7.8%","1,037","12.3%","1,052","16.8%","197","7.1%","855","24.5%","103","2.5%","20","1.0%","83","4.0%","5,195","12.5%","2,167","9.9%","3,028","15.5%","288","3.4%","168","3.8%","120","2.9%","346","3.3%","21","0.4%","325","6.6%","0","0.0%","0","0.0%","0","0.0%","425","8.8%","375","13.8%","50","2.3%","560","8.0%","170","3.9%","390","14.9%","53,151","28.4%","23,186","24.6%","29,965","32.3%","1,734","6.6%","1,147","7.3%","587","5.5%","246","3.8%","0","0.0%","246","8.7%","669","15.4%","399","15.9%","270","14.7%","9,374","11.3%","3,452","7.6%","5,922","15.8%","728","8.6%","497","10.1%","231","6.5%","9,878","16.0%","4,116","12.7%","5,762","19.5%","5,146","10.1%","2,349","9.0%","2,797","11.4%","2,855","12.3%","1,043","9.2%","1,812","15.2%","5,300","17.0%","2,016","13.0%","3,284","20.8%","1,987","8.0%","428","3.4%","1,559","12.8%"
"    Population 25 years and over","5,470,209","(X)","2,734,378","(X)","2,735,831","(X)","139,189","(X)","69,298","(X)","69,891","(X)","56,004","(X)","28,358","(X)","27,646","(X)","60,977","(X)","29,955","(X)","31,022","(X)","361,084","(X)","177,113","(X)","183,971","(X)","78,541","(X)","38,345","(X)","40,196","(X)","58,396","(X)","30,636","(X)","27,760","(X)","62,938","(X)","31,752","(X)","31,186","(X)","56,960","(X)","28,782","(X)","28,178","(X)","64,849","(X)","32,735","(X)","32,114","(X)","1,644,114","(X)","834,718","(X)","809,396","(X)","197,506","(X)","99,624","(X)","97,882","(X)","60,810","(X)","29,962","(X)","30,848","(X)","50,526","(X)","25,929","(X)","24,597","(X)","633,438","(X)","313,109","(X)","320,329","(X)","95,317","(X)","46,703","(X)","48,614","(X)","594,717","(X)","297,674","(X)","297,043","(X)","381,794","(X)","188,498","(X)","193,296","(X)","214,037","(X)","104,101","(X)","109,936","(X)","157,171","(X)","77,225","(X)","79,946","(X)","158,000","(X)","78,420","(X)","79,580","(X)"
"        Less than 9th grade","192,061","3.5%","98,208","3.6%","93,853","3.4%","8,679","6.2%","3,744","5.4%","4,935","7.1%","5,072","9.1%","3,231","11.4%","1,841","6.7%","1,311","2.1%","628","2.1%","683","2.2%","8,763","2.4%","3,987","2.3%","4,776","2.6%","2,444","3.1%","1,525","4.0%","919","2.3%","9,326","16.0%","5,601","18.3%","3,725","13.4%","7,282","11.6%","4,431","14.0%","2,851","9.1%","3,330","5.8%","1,224","4.3%","2,106","7.5%","510","0.8%","297","0.9%","213","0.7%","55,224","3.4%","26,191","3.1%","29,033","3.6%","4,304","2.2%","1,917","1.9%","2,387","2.4%","2,603","4.3%","1,109","3.7%","1,494","4.8%","1,586","3.1%","1,028","4.0%","558","2.3%","18,186","2.9%","9,274","3.0%","8,912","2.8%","4,273","4.5%","2,263","4.8%","2,010","4.1%","15,186","2.6%","8,141","2.7%","7,045","2.4%","7,582","2.0%","3,682","2.0%","3,900","2.0%","3,070","1.4%","1,353","1.3%","1,717","1.6%","3,831","2.4%","2,381","3.1%","1,450","1.8%","17,173","10.9%","9,632","12.3%","7,541","9.5%"
"        9th to 12th grade, no diploma","236,434","4.3%","133,305","4.9%","103,129","3.8%","7,534","5.4%","3,944","5.7%","3,590","5.1%","2,386","4.3%","1,576","5.6%","810","2.9%","2,510","4.1%","1,797","6.0%","713","2.3%","16,331","4.5%","8,834","5.0%","7,497","4.1%","5,912","7.5%","3,620","9.4%","2,292","5.7%","5,473","9.4%","2,667","8.7%","2,806","10.1%","3,959","6.3%","1,807","5.7%","2,152","6.9%","2,783","4.9%","1,591","5.5%","1,192","4.2%","1,622","2.5%","1,116","3.4%","506","1.6%","51,457","3.1%","26,813","3.2%","24,644","3.0%","6,731","3.4%","3,860","3.9%","2,871","2.9%","3,996","6.6%","2,879","9.6%","1,117","3.6%","3,376","6.7%","2,113","8.1%","1,263","5.1%","29,253","4.6%","16,016","5.1%","13,237","4.1%","5,921","6.2%","3,954","8.5%","1,967","4.0%","28,858","4.9%","15,758","5.3%","13,100","4.4%","14,971","3.9%","9,420","5.0%","5,551","2.9%","7,411","3.5%","4,037","3.9%","3,374","3.1%","4,645","3.0%","3,503","4.5%","1,142","1.4%","13,929","8.8%","7,804","10.0%","6,125","7.7%"
"        High school graduate (includes equivalency)","1,176,424","21.5%","621,136","22.7%","555,288","20.3%","34,451","24.8%","18,010","26.0%","16,441","23.5%","12,242","21.9%","5,945","21.0%","6,297","22.8%","13,607","22.3%","7,446","24.9%","6,161","19.9%","88,834","24.6%","45,373","25.6%","43,461","23.6%","25,689","32.7%","12,478","32.5%","13,211","32.9%","15,078","25.8%","8,346","27.2%","6,732","24.3%","19,606","31.2%","11,016","34.7%","8,590","27.5%","18,857","33.1%","10,577","36.7%","8,280","29.4%","12,977","20.0%","7,161","21.9%","5,816","18.1%","229,883","14.0%","117,813","14.1%","112,070","13.8%","43,182","21.9%","22,852","22.9%","20,330","20.8%","19,415","31.9%","10,898","36.4%","8,517","27.6%","14,760","29.2%","7,935","30.6%","6,825","27.7%","169,937","26.8%","92,644","29.6%","77,293","24.1%","24,904","26.1%","11,913","25.5%","12,991","26.7%","129,947","21.9%","68,372","23.0%","61,575","20.7%","89,666","23.5%","46,712","24.8%","42,954","22.2%","44,790","20.9%","24,158","23.2%","20,632","18.8%","33,212","21.1%","17,679","22.9%","15,533","19.4%","51,402","32.5%","27,542","35.1%","23,860","30.0%"
"        Some college, no degree","1,161,011","21.2%","570,688","20.9%","590,323","21.6%","30,447","21.9%","14,491","20.9%","15,956","22.8%","10,560","18.9%","4,810","17.0%","5,750","20.8%","16,162","26.5%","7,135","23.8%","9,027","29.1%","90,297","25.0%","43,977","24.8%","46,320","25.2%","19,930","25.4%","9,395","24.5%","10,535","26.2%","13,343","22.8%","6,637","21.7%","6,706","24.2%","14,833","23.6%","7,090","22.3%","7,743","24.8%","14,585","25.6%","6,993","24.3%","7,592","26.9%","17,821","27.5%","9,045","27.6%","8,776","27.3%","263,316","16.0%","136,693","16.4%","126,623","15.6%","45,944","23.3%","22,404","22.5%","23,540","24.0%","14,894","24.5%","6,163","20.6%","8,731","28.3%","12,142","24.0%","6,302","24.3%","5,840","23.7%","150,853","23.8%","76,037","24.3%","74,816","23.4%","21,704","22.8%","10,956","23.5%","10,748","22.1%","129,547","21.8%","62,810","21.1%","66,737","22.5%","93,675","24.5%","46,176","24.5%","47,499","24.6%","52,996","24.8%","24,833","23.9%","28,163","25.6%","34,231","21.8%","16,593","21.5%","17,638","22.1%","31,234","19.8%","13,700","17.5%","17,534","22.0%"
"        Associate's degree","544,596","10.0%","251,134","9.2%","293,462","10.7%","12,478","9.0%","6,702","9.7%","5,776","8.3%","5,904","10.5%","2,375","8.4%","3,529","12.8%","7,232","11.9%","3,621","12.1%","3,611","11.6%","38,596","10.7%","16,611","9.4%","21,985","12.0%","11,530","14.7%","4,979","13.0%","6,551","16.3%","4,243","7.3%","1,534","5.0%","2,709","9.8%","6,156","9.8%","2,351","7.4%","3,805","12.2%","5,801","10.2%","2,421","8.4%","3,380","12.0%","8,350","12.9%","3,877","11.8%","4,473","13.9%","119,721","7.3%","55,615","6.7%","64,106","7.9%","25,911","13.1%","13,447","13.5%","12,464","12.7%","6,943","11.4%","2,932","9.8%","4,011","13.0%","6,332","12.5%","3,033","11.7%","3,299","13.4%","72,571","11.5%","31,425","10.0%","41,146","12.8%","9,997","10.5%","4,837","10.4%","5,160","10.6%","62,199","10.5%","30,121","10.1%","32,078","10.8%","45,390","11.9%","20,230","10.7%","25,160","13.0%","27,112","12.7%","13,713","13.2%","13,399","12.2%","17,687","11.3%","8,110","10.5%","9,577","12.0%","14,343","9.1%","6,302","8.0%","8,041","10.1%"
"        Bachelor's degree","1,302,707","23.8%","642,252","23.5%","660,455","24.1%","27,946","20.1%","14,841","21.4%","13,105","18.8%","12,910","23.1%","6,861","24.2%","6,049","21.9%","11,321","18.6%","6,248","20.9%","5,073","16.4%","73,790","20.4%","37,344","21.1%","36,446","19.8%","8,550","10.9%","4,033","10.5%","4,517","11.2%","6,338","10.9%","4,080","13.3%","2,258","8.1%","7,493","11.9%","3,196","10.1%","4,297","13.8%","8,740","15.3%","4,138","14.4%","4,602","16.3%","13,727","21.2%","6,987","21.3%","6,740","21.0%","527,919","32.1%","270,478","32.4%","257,441","31.8%","45,913","23.2%","21,572","21.7%","24,341","24.9%","8,106","13.3%","3,633","12.1%","4,473","14.5%","7,048","13.9%","3,216","12.4%","3,832","15.6%","117,691","18.6%","52,863","16.9%","64,828","20.2%","17,509","18.4%","7,718","16.5%","9,791","20.1%","150,116","25.2%","73,965","24.8%","76,151","25.6%","82,818","21.7%","39,894","21.2%","42,924","22.2%","47,811","22.3%","20,805","20.0%","27,006","24.6%","39,226","25.0%","19,579","25.4%","19,647","24.6%","20,077","12.7%","9,238","11.8%","10,839","13.6%"
"        Graduate or professional degree","856,976","15.7%","417,655","15.3%","439,321","16.1%","17,654","12.7%","7,566","10.9%","10,088","14.4%","6,930","12.4%","3,560","12.6%","3,370","12.2%","8,834","14.5%","3,080","10.3%","5,754","18.5%","44,473","12.3%","20,987","11.8%","23,486","12.8%","4,486","5.7%","2,315","6.0%","2,171","5.4%","4,595","7.9%","1,771","5.8%","2,824","10.2%","3,609","5.7%","1,861","5.9%","1,748","5.6%","2,864","5.0%","1,838","6.4%","1,026","3.6%","9,842","15.2%","4,252","13.0%","5,590","17.4%","396,594","24.1%","201,115","24.1%","195,479","24.2%","25,521","12.9%","13,572","13.6%","11,949","12.2%","4,853","8.0%","2,348","7.8%","2,505","8.1%","5,282","10.5%","2,302","8.9%","2,980","12.1%","74,947","11.8%","34,850","11.1%","40,097","12.5%","11,009","11.5%","5,062","10.8%","5,947","12.2%","78,864","13.3%","38,507","12.9%","40,357","13.6%","47,692","12.5%","22,384","11.9%","25,308","13.1%","30,847","14.4%","15,202","14.6%","15,645","14.2%","24,339","15.5%","9,380","12.1%","14,959","18.7%","9,842","6.2%","4,202","5.4%","5,640","7.1%"
"        High school graduate or higher","5,041,714","92.2%","2,502,865","91.5%","2,538,849","92.8%","122,976","88.4%","61,610","88.9%","61,366","87.8%","48,546","86.7%","23,551","83.0%","24,995","90.4%","57,156","93.7%","27,530","91.9%","29,626","95.5%","335,990","93.1%","164,292","92.8%","171,698","93.3%","70,185","89.4%","33,200","86.6%","36,985","92.0%","43,597","74.7%","22,368","73.0%","21,229","76.5%","51,697","82.1%","25,514","80.4%","26,183","84.0%","50,847","89.3%","25,967","90.2%","24,880","88.3%","62,717","96.7%","31,322","95.7%","31,395","97.8%","1,537,433","93.5%","781,714","93.7%","755,719","93.4%","186,471","94.4%","93,847","94.2%","92,624","94.6%","54,211","89.1%","25,974","86.7%","28,237","91.5%","45,564","90.2%","22,788","87.9%","22,776","92.6%","585,999","92.5%","287,819","91.9%","298,180","93.1%","85,123","89.3%","40,486","86.7%","44,637","91.8%","550,673","92.6%","273,775","92.0%","276,898","93.2%","359,241","94.1%","175,396","93.0%","183,845","95.1%","203,556","95.1%","98,711","94.8%","104,845","95.4%","148,695","94.6%","71,341","92.4%","77,354","96.8%","126,898","80.3%","60,984","77.8%","65,914","82.8%"
"        Bachelor's degree or higher","2,159,683","39.5%","1,059,907","38.8%","1,099,776","40.2%","45,600","32.8%","22,407","32.3%","23,193","33.2%","19,840","35.4%","10,421","36.7%","9,419","34.1%","20,155","33.1%","9,328","31.1%","10,827","34.9%","118,263","32.8%","58,331","32.9%","59,932","32.6%","13,036","16.6%","6,348","16.6%","6,688","16.6%","10,933","18.7%","5,851","19.1%","5,082","18.3%","11,102","17.6%","5,057","15.9%","6,045","19.4%","11,604","20.4%","5,976","20.8%","5,628","20.0%","23,569","36.3%","11,239","34.3%","12,330","38.4%","924,513","56.2%","471,593","56.5%","452,920","56.0%","71,434","36.2%","35,144","35.3%","36,290","37.1%","12,959","21.3%","5,981","20.0%","6,978","22.6%","12,330","24.4%","5,518","21.3%","6,812","27.7%","192,638","30.4%","87,713","28.0%","104,925","32.8%","28,518","29.9%","12,780","27.4%","15,738","32.4%","228,980","38.5%","112,472","37.8%","116,508","39.2%","130,510","34.2%","62,278","33.0%","68,232","35.3%","78,658","36.7%","36,007","34.6%","42,651","38.8%","63,565","40.4%","28,959","37.5%","34,606","43.3%","29,919","18.9%","13,440","17.1%","16,479","20.7%"
"    Population 25 to 34 years","1,176,297","(X)","613,095","(X)","563,202","(X)","28,557","(X)","14,683","(X)","13,874","(X)","9,474","(X)","5,408","(X)","4,066","(X)","7,632","(X)","3,941","(X)","3,691","(X)","72,959","(X)","37,197","(X)","35,762","(X)","14,502","(X)","7,153","(X)","7,349","(X)","13,911","(X)","7,590","(X)","6,321","(X)","13,855","(X)","7,435","(X)","6,420","(X)","8,855","(X)","5,067","(X)","3,788","(X)","10,715","(X)","5,998","(X)","4,717","(X)","413,638","(X)","219,339","(X)","194,299","(X)","38,671","(X)","21,345","(X)","17,326","(X)","10,072","(X)","4,930","(X)","5,142","(X)","7,842","(X)","4,225","(X)","3,617","(X)","142,351","(X)","73,917","(X)","68,434","(X)","17,094","(X)","8,341","(X)","8,753","(X)","124,652","(X)","63,236","(X)","61,416","(X)","81,679","(X)","41,900","(X)","39,779","(X)","40,210","(X)","20,872","(X)","19,338","(X)","31,206","(X)","15,704","(X)","15,502","(X)","35,412","(X)","17,522","(X)","17,890","(X)"
"        High school graduate or higher","1,099,889","93.5%","567,477","92.6%","532,412","94.5%","25,778","90.3%","13,238","90.2%","12,540","90.4%","8,553","90.3%","4,962","91.8%","3,591","88.3%","6,559","85.9%","3,301","83.8%","3,258","88.3%","68,431","93.8%","34,561","92.9%","33,870","94.7%","12,297","84.8%","5,526","77.3%","6,771","92.1%","12,125","87.2%","6,661","87.8%","5,464","86.4%","11,852","85.5%","6,490","87.3%","5,362","83.5%","7,781","87.9%","4,563","90.1%","3,218","85.0%","10,094","94.2%","5,531","92.2%","4,563","96.7%","398,298","96.3%","210,280","95.9%","188,018","96.8%","36,919","95.5%","20,370","95.4%","16,549","95.5%","9,206","91.4%","4,437","90.0%","4,769","92.7%","6,700","85.4%","3,563","84.3%","3,137","86.7%","133,048","93.5%","67,491","91.3%","65,557","95.8%","15,537","90.9%","7,466","89.5%","8,071","92.2%","114,996","92.3%","57,780","91.4%","57,216","93.2%","75,875","92.9%","38,445","91.8%","37,430","94.1%","38,135","94.8%","19,594","93.9%","18,541","95.9%","29,644","95.0%","14,250","90.7%","15,394","99.3%","29,263","82.6%","14,059","80.2%","15,204","85.0%"
"        Bachelor's degree or higher","507,869","43.2%","240,878","39.3%","266,991","47.4%","9,398","32.9%","3,894","26.5%","5,504","39.7%","5,195","54.8%","2,820","52.1%","2,375","58.4%","1,699","22.3%","1,059","26.9%","640","17.3%","24,687","33.8%","10,798","29.0%","13,889","38.8%","2,036","14.0%","835","11.7%","1,201","16.3%","2,536","18.2%","1,142","15.0%","1,394","22.1%","1,918","13.8%","857","11.5%","1,061","16.5%","1,128","12.7%","854","16.9%","274","7.2%","3,012","28.1%","1,152","19.2%","1,860","39.4%","268,858","65.0%","134,782","61.4%","134,076","69.0%","11,082","28.7%","5,042","23.6%","6,040","34.9%","1,771","17.6%","826","16.8%","945","18.4%","1,843","23.5%","860","20.4%","983","27.2%","42,763","30.0%","17,979","24.3%","24,784","36.2%","3,891","22.8%","1,526","18.3%","2,365","27.0%","52,981","42.5%","24,786","39.2%","28,195","45.9%","26,116","32.0%","12,181","29.1%","13,935","35.0%","12,825","31.9%","4,906","23.5%","7,919","41.0%","12,342","39.6%","5,517","35.1%","6,825","44.0%","6,412","18.1%","2,532","14.5%","3,880","21.7%"
"    Population 35 to 44 years","1,115,638","(X)","575,442","(X)","540,196","(X)","28,710","(X)","14,430","(X)","14,280","(X)","10,214","(X)","4,995","(X)","5,219","(X)","9,025","(X)","4,971","(X)","4,054","(X)","70,855","(X)","35,765","(X)","35,090","(X)","14,547","(X)","7,332","(X)","7,215","(X)","13,952","(X)","7,331","(X)","6,621","(X)","12,532","(X)","6,370","(X)","6,162","(X)","10,057","(X)","5,053","(X)","5,004","(X)","10,411","(X)","5,396","(X)","5,015","(X)","360,809","(X)","189,203","(X)","171,606","(X)","37,437","(X)","19,515","(X)","17,922","(X)","10,770","(X)","5,568","(X)","5,202","(X)","8,353","(X)","4,543","(X)","3,810","(X)","133,879","(X)","67,336","(X)","66,543","(X)","16,818","(X)","8,571","(X)","8,247","(X)","131,562","(X)","69,042","(X)","62,520","(X)","74,297","(X)","37,698","(X)","36,599","(X)","43,286","(X)","22,801","(X)","20,485","(X)","29,881","(X)","14,785","(X)","15,096","(X)","31,330","(X)","15,990","(X)","15,340","(X)"
"        High school graduate or higher","1,022,651","91.7%","522,234","90.8%","500,417","92.6%","25,317","88.2%","13,043","90.4%","12,274","86.0%","8,701","85.2%","4,232","84.7%","4,469","85.6%","8,652","95.9%","4,795","96.5%","3,857","95.1%","65,735","92.8%","33,041","92.4%","32,694","93.2%","13,061","89.8%","6,400","87.3%","6,661","92.3%","8,848","63.4%","4,439","60.6%","4,409","66.6%","9,656","77.1%","4,743","74.5%","4,913","79.7%","7,836","77.9%","4,119","81.5%","3,717","74.3%","9,955","95.6%","5,104","94.6%","4,851","96.7%","338,372","93.8%","178,086","94.1%","160,286","93.4%","34,734","92.8%","17,949","92.0%","16,785","93.7%","8,387","77.9%","3,823","68.7%","4,564","87.7%","6,633","79.4%","3,403","74.9%","3,230","84.8%","123,620","92.3%","61,589","91.5%","62,031","93.2%","14,594","86.8%","6,890","80.4%","7,704","93.4%","121,495","92.3%","62,237","90.1%","59,258","94.8%","70,313","94.6%","35,425","94.0%","34,888","95.3%","41,598","96.1%","21,848","95.8%","19,750","96.4%","28,028","93.8%","13,555","91.7%","14,473","95.9%","25,506","81.4%","12,108","75.7%","13,398","87.3%"
"        Bachelor's degree or higher","486,138","43.6%","234,675","40.8%","251,463","46.6%","11,307","39.4%","5,292","36.7%","6,015","42.1%","3,165","31.0%","1,569","31.4%","1,596","30.6%","3,202","35.5%","1,442","29.0%","1,760","43.4%","24,367","34.4%","11,318","31.6%","13,049","37.2%","2,949","20.3%","1,245","17.0%","1,704","23.6%","2,002","14.3%","1,126","15.4%","876","13.2%","3,537","28.2%","1,203","18.9%","2,334","37.9%","1,805","17.9%","926","18.3%","879","17.6%","2,907","27.9%","1,504","27.9%","1,403","28.0%","219,730","60.9%","113,122","59.8%","106,608","62.1%","14,120","37.7%","6,061","31.1%","8,059","45.0%","2,188","20.3%","961","17.3%","1,227","23.6%","1,782","21.3%","502","11.0%","1,280","33.6%","43,821","32.7%","19,034","28.3%","24,787","37.2%","5,570","33.1%","2,194","25.6%","3,376","40.9%","58,612","44.6%","28,466","41.2%","30,146","48.2%","27,156","36.6%","13,050","34.6%","14,106","38.5%","17,997","41.6%","8,698","38.1%","9,299","45.4%","14,161","47.4%","6,073","41.1%","8,088","53.6%","6,988","22.3%","2,825","17.7%","4,163","27.1%"
"    Population 45 to 64 years","1,869,132","(X)","947,138","(X)","921,994","(X)","48,261","(X)","24,253","(X)","24,008","(X)","19,401","(X)","10,162","(X)","9,239","(X)","19,328","(X)","9,450","(X)","9,878","(X)","129,054","(X)","64,188","(X)","64,866","(X)","27,093","(X)","13,519","(X)","13,574","(X)","20,055","(X)","10,541","(X)","9,514","(X)","22,017","(X)","11,165","(X)","10,852","(X)","20,086","(X)","10,280","(X)","9,806","(X)","20,450","(X)","10,444","(X)","10,006","(X)","546,545","(X)","280,927","(X)","265,618","(X)","66,181","(X)","33,092","(X)","33,089","(X)","21,236","(X)","10,517","(X)","10,719","(X)","17,474","(X)","9,043","(X)","8,431","(X)","218,845","(X)","109,602","(X)","109,243","(X)","32,284","(X)","16,267","(X)","16,017","(X)","212,675","(X)","108,286","(X)","104,389","(X)","129,921","(X)","65,457","(X)","64,464","(X)","73,119","(X)","35,172","(X)","37,947","(X)","52,174","(X)","26,405","(X)","25,769","(X)","54,253","(X)","27,833","(X)","26,420","(X)"
"        High school graduate or higher","1,704,326","91.2%","854,560","90.2%","849,766","92.2%","41,213","85.4%","20,615","85.0%","20,598","85.8%","14,976","77.2%","6,982","68.7%","7,994","86.5%","18,146","93.9%","8,369","88.6%","9,777","99.0%","118,926","92.2%","58,452","91.1%","60,474","93.2%","24,253","89.5%","12,024","88.9%","12,229","90.1%","14,778","73.7%","7,621","72.3%","7,157","75.2%","17,193","78.1%","8,500","76.1%","8,693","80.1%","18,665","92.9%","9,359","91.0%","9,306","94.9%","19,807","96.9%","9,873","94.5%","9,934","99.3%","503,818","92.2%","258,612","92.1%","245,206","92.3%","62,415","94.3%","31,233","94.4%","31,182","94.2%","19,628","92.4%","9,559","90.9%","10,069","93.9%","16,333","93.5%","8,173","90.4%","8,160","96.8%","202,242","92.4%","99,832","91.1%","102,410","93.7%","27,331","84.7%","13,449","82.7%","13,882","86.7%","196,635","92.5%","99,967","92.3%","96,668","92.6%","121,920","93.8%","60,160","91.9%","61,760","95.8%","68,935","94.3%","32,604","92.7%","36,331","95.7%","48,935","93.8%","24,482","92.7%","24,453","94.9%","41,867","77.2%","20,918","75.2%","20,949","79.3%"
"        Bachelor's degree or higher","701,558","37.5%","348,015","36.7%","353,543","38.3%","15,287","31.7%","7,697","31.7%","7,590","31.6%","4,680","24.1%","2,357","23.2%","2,323","25.1%","6,363","32.9%","2,552","27.0%","3,811","38.6%","42,591","33.0%","21,280","33.2%","21,311","32.9%","3,253","12.0%","1,617","12.0%","1,636","12.1%","4,514","22.5%","2,230","21.2%","2,284","24.0%","3,125","14.2%","1,636","14.7%","1,489","13.7%","4,341","21.6%","2,071","20.1%","2,270","23.1%","7,953","38.9%","3,789","36.3%","4,164","41.6%","289,591","53.0%","149,828","53.3%","139,763","52.6%","24,209","36.6%","12,339","37.3%","11,870","35.9%","5,765","27.1%","2,654","25.2%","3,111","29.0%","4,330","24.8%","1,745","19.3%","2,585","30.7%","62,543","28.6%","29,583","27.0%","32,960","30.2%","9,082","28.1%","4,260","26.2%","4,822","30.1%","77,030","36.2%","39,273","36.3%","37,757","36.2%","44,070","33.9%","20,116","30.7%","23,954","37.2%","26,303","36.0%","11,732","33.4%","14,571","38.4%","19,895","38.1%","8,806","33.3%","11,089","43.0%","8,367","15.4%","3,985","14.3%","4,382","16.6%"
"    Population 65 years and over","1,309,142","(X)","598,703","(X)","710,439","(X)","33,661","(X)","15,932","(X)","17,729","(X)","16,915","(X)","7,793","(X)","9,122","(X)","24,992","(X)","11,593","(X)","13,399","(X)","88,216","(X)","39,963","(X)","48,253","(X)","22,399","(X)","10,341","(X)","12,058","(X)","10,478","(X)","5,174","(X)","5,304","(X)","14,534","(X)","6,782","(X)","7,752","(X)","17,962","(X)","8,382","(X)","9,580","(X)","23,273","(X)","10,897","(X)","12,376","(X)","323,122","(X)","145,249","(X)","177,873","(X)","55,217","(X)","25,672","(X)","29,545","(X)","18,732","(X)","8,947","(X)","9,785","(X)","16,857","(X)","8,118","(X)","8,739","(X)","138,363","(X)","62,254","(X)","76,109","(X)","29,121","(X)","13,524","(X)","15,597","(X)","125,828","(X)","57,110","(X)","68,718","(X)","95,897","(X)","43,443","(X)","52,454","(X)","57,422","(X)","25,256","(X)","32,166","(X)","43,910","(X)","20,331","(X)","23,579","(X)","37,005","(X)","17,075","(X)","19,930","(X)"
"        High school graduate or higher","1,214,848","92.8%","558,594","93.3%","656,254","92.4%","30,668","91.1%","14,714","92.4%","15,954","90.0%","16,316","96.5%","7,375","94.6%","8,941","98.0%","23,799","95.2%","11,065","95.4%","12,734","95.0%","82,898","94.0%","38,238","95.7%","44,660","92.6%","20,574","91.9%","9,250","89.4%","11,324","93.9%","7,846","74.9%","3,647","70.5%","4,199","79.2%","12,996","89.4%","5,781","85.2%","7,215","93.1%","16,565","92.2%","7,926","94.6%","8,639","90.2%","22,861","98.2%","10,814","99.2%","12,047","97.3%","296,945","91.9%","134,736","92.8%","162,209","91.2%","52,403","94.9%","24,295","94.6%","28,108","95.1%","16,990","90.7%","8,155","91.1%","8,835","90.3%","15,898","94.3%","7,649","94.2%","8,249","94.4%","127,089","91.9%","58,907","94.6%","68,182","89.6%","27,661","95.0%","12,681","93.8%","14,980","96.0%","117,547","93.4%","53,791","94.2%","63,756","92.8%","91,133","95.0%","41,366","95.2%","49,767","94.9%","54,888","95.6%","24,665","97.7%","30,223","94.0%","42,088","95.9%","19,054","93.7%","23,034","97.7%","30,262","81.8%","13,899","81.4%","16,363","82.1%"
"        Bachelor's degree or higher","464,118","35.5%","236,339","39.5%","227,779","32.1%","9,608","28.5%","5,524","34.7%","4,084","23.0%","6,800","40.2%","3,675","47.2%","3,125","34.3%","8,891","35.6%","4,275","36.9%","4,616","34.5%","26,618","30.2%","14,935","37.4%","11,683","24.2%","4,798","21.4%","2,651","25.6%","2,147","17.8%","1,881","18.0%","1,353","26.1%","528","10.0%","2,522","17.4%","1,361","20.1%","1,161","15.0%","4,330","24.1%","2,125","25.4%","2,205","23.0%","9,697","41.7%","4,794","44.0%","4,903","39.6%","146,334","45.3%","73,861","50.9%","72,473","40.7%","22,023","39.9%","11,702","45.6%","10,321","34.9%","3,235","17.3%","1,540","17.2%","1,695","17.3%","4,375","26.0%","2,411","29.7%","1,964","22.5%","43,511","31.4%","21,117","33.9%","22,394","29.4%","9,975","34.3%","4,800","35.5%","5,175","33.2%","40,357","32.1%","19,947","34.9%","20,410","29.7%","33,168","34.6%","16,931","39.0%","16,237","31.0%","21,533","37.5%","10,671","42.3%","10,862","33.8%","17,167","39.1%","8,563","42.1%","8,604","36.5%","8,152","22.0%","4,098","24.0%","4,054","20.3%"
"RACE AND HISPANIC OR LATINO ORIGIN BY EDUCATIONAL ATTAINMENT","","","","","","","","","","","","","","","","","","","","","","","","","","","","","","","","","","","","","","","","","","","","","","","","","","","","","","","","","","","","","","","","","","","","","","","","","","","","","","","","","","","","","","","","","","","","","","","","","","","","","","","","","","","","","","","","","","","","","","","","","","","","","",""
"    White alone","3,831,713","(X)","1,912,446","(X)","1,919,267","(X)","105,768","(X)","51,363","(X)","54,405","(X)","41,640","(X)","20,378","(X)","21,262","(X)","51,276","(X)","24,720","(X)","26,556","(X)","283,733","(X)","139,127","(X)","144,606","(X)","68,460","(X)","33,659","(X)","34,801","(X)","30,091","(X)","15,614","(X)","14,477","(X)","40,017","(X)","20,582","(X)","19,435","(X)","45,827","(X)","23,170","(X)","22,657","(X)","52,586","(X)","26,733","(X)","25,853","(X)","964,582","(X)","493,107","(X)","471,475","(X)","156,653","(X)","78,867","(X)","77,786","(X)","51,855","(X)","25,951","(X)","25,904","(X)","41,129","(X)","20,979","(X)","20,150","(X)","434,912","(X)","215,420","(X)","219,492","(X)","74,269","(X)","36,446","(X)","37,823","(X)","408,340","(X)","205,256","(X)","203,084","(X)","328,688","(X)","161,473","(X)","167,215","(X)","163,764","(X)","78,971","(X)","84,793","(X)","128,761","(X)","63,353","(X)","65,408","(X)","84,194","(X)","40,878","(X)","43,316","(X)"
"        High school graduate or higher","3,650,370","95.3%","1,809,252","94.6%","1,841,118","95.9%","97,896","92.6%","47,896","93.3%","50,000","91.9%","39,692","95.3%","18,948","93.0%","20,744","97.6%","48,232","94.1%","22,816","92.3%","25,416","95.7%","268,023","94.5%","130,755","94.0%","137,268","94.9%","62,026","90.6%","29,463","87.5%","32,563","93.6%","27,125","90.1%","14,058","90.0%","13,067","90.3%","36,248","90.6%","18,742","91.1%","17,506","90.1%","42,287","92.3%","21,583","93.2%","20,704","91.4%","51,501","97.9%","25,929","97.0%","25,572","98.9%","939,871","97.4%","479,302","97.2%","460,569","97.7%","149,948","95.7%","75,519","95.8%","74,429","95.7%","47,737","92.1%","23,084","89.0%","24,653","95.2%","38,294","93.1%","19,167","91.4%","19,127","94.9%","410,829","94.5%","202,063","93.8%","208,766","95.1%","69,714","93.9%","33,182","91.0%","36,532","96.6%","388,719","95.2%","193,928","94.5%","194,791","95.9%","313,739","95.5%","152,716","94.6%","161,023","96.3%","157,048","95.9%","75,821","96.0%","81,227","95.8%","124,519","96.7%","60,117","94.9%","64,402","98.5%","76,778","91.2%","36,199","88.6%","40,579","93.7%"
"        Bachelor's degree or higher","1,547,697","40.4%","761,436","39.8%","786,261","41.0%","38,454","36.4%","19,010","37.0%","19,444","35.7%","17,059","41.0%","8,812","43.2%","8,247","38.8%","16,712","32.6%","7,492","30.3%","9,220","34.7%","94,628","33.4%","46,346","33.3%","48,282","33.4%","11,686","17.1%","5,714","17.0%","5,972","17.2%","7,086","23.5%","3,811","24.4%","3,275","22.6%","8,885","22.2%","4,234","20.6%","4,651","23.9%","9,841","21.5%","5,359","23.1%","4,482","19.8%","19,878","37.8%","9,798","36.7%","10,080","39.0%","574,353","59.5%","294,276","59.7%","280,077","59.4%","59,635","38.1%","29,492","37.4%","30,143","38.8%","10,822","20.9%","5,048","19.5%","5,774","22.3%","11,223","27.3%","5,023","23.9%","6,200","30.8%","141,826","32.6%","65,684","30.5%","76,142","34.7%","25,305","34.1%","11,353","31.2%","13,952","36.9%","151,089","37.0%","74,172","36.1%","76,917","37.9%","116,547","35.5%","56,293","34.9%","60,254","36.0%","61,771","37.7%","28,555","36.2%","33,216","39.2%","55,295","42.9%","25,229","39.8%","30,066","46.0%","21,527","25.6%","10,237","25.0%","11,290","26.1%"
"    White alone, not Hispanic or Latino","3,738,215","(X)","1,865,723","(X)","1,872,492","(X)","99,728","(X)","49,706","(X)","50,022","(X)","40,813","(X)","20,058","(X)","20,755","(X)","50,630","(X)","24,425","(X)","26,205","(X)","279,292","(X)","136,943","(X)","142,349","(X)","66,956","(X)","32,876","(X)","34,080","(X)","26,402","(X)","13,666","(X)","12,736","(X)","36,481","(X)","18,067","(X)","18,414","(X)","45,164","(X)","22,942","(X)","22,222","(X)","51,775","(X)","26,069","(X)","25,706","(X)","944,860","(X)","481,959","(X)","462,901","(X)","153,110","(X)","77,266","(X)","75,844","(X)","51,250","(X)","25,685","(X)","25,565","(X)","40,660","(X)","20,676","(X)","19,984","(X)","422,249","(X)","208,583","(X)","213,666","(X)","72,283","(X)","35,782","(X)","36,501","(X)","400,217","(X)","200,965","(X)","199,252","(X)","323,989","(X)","159,545","(X)","164,444","(X)","158,880","(X)","76,791","(X)","82,089","(X)","125,252","(X)","61,757","(X)","63,495","(X)","76,694","(X)","37,239","(X)","39,455","(X)"
"        High school graduate or higher","3,573,047","95.6%","1,771,606","95.0%","1,801,441","96.2%","93,608","93.9%","46,477","93.5%","47,131","94.2%","39,033","95.6%","18,796","93.7%","20,237","97.5%","47,652","94.1%","22,581","92.5%","25,071","95.7%","264,907","94.8%","129,231","94.4%","135,676","95.3%","60,837","90.9%","28,972","88.1%","31,865","93.5%","24,093","91.3%","12,287","89.9%","11,806","92.7%","34,029","93.3%","17,352","96.0%","16,677","90.6%","41,957","92.9%","21,504","93.7%","20,453","92.0%","50,690","97.9%","25,265","96.9%","25,425","98.9%","922,725","97.7%","470,091","97.5%","452,634","97.8%","146,492","95.7%","74,005","95.8%","72,487","95.6%","47,352","92.4%","23,038","89.7%","24,314","95.1%","38,112","93.7%","19,151","92.6%","18,961","94.9%","399,478","94.6%","196,043","94.0%","203,435","95.2%","67,793","93.8%","32,537","90.9%","35,256","96.6%","381,716","95.4%","190,110","94.6%","191,606","96.2%","309,501","95.5%","150,832","94.5%","158,669","96.5%","153,352","96.5%","73,897","96.2%","79,455","96.8%","121,470","97.0%","58,920","95.4%","62,550","98.5%","71,285","92.9%","33,897","91.0%","37,388","94.8%"
"        Bachelor's degree or higher","1,524,116","40.8%","750,020","40.2%","774,096","41.3%","36,611","36.7%","18,361","36.9%","18,250","36.5%","16,862","41.3%","8,699","43.4%","8,163","39.3%","16,544","32.7%","7,331","30.0%","9,213","35.2%","93,709","33.6%","45,820","33.5%","47,889","33.6%","11,604","17.3%","5,669","17.2%","5,935","17.4%","6,912","26.2%","3,637","26.6%","3,275","25.7%","8,610","23.6%","4,234","23.4%","4,376","23.8%","9,841","21.8%","5,359","23.4%","4,482","20.2%","19,556","37.8%","9,593","36.8%","9,963","38.8%","565,598","59.9%","289,371","60.0%","276,227","59.7%","58,844","38.4%","29,360","38.0%","29,484","38.9%","10,822","21.1%","5,048","19.7%","5,774","22.6%","11,097","27.3%","5,023","24.3%","6,074","30.4%","138,517","32.8%","64,028","30.7%","74,489","34.9%","24,797","34.3%","11,185","31.3%","13,612","37.3%","149,119","37.3%","72,772","36.2%","76,347","38.3%","115,473","35.6%","56,105","35.2%","59,368","36.1%","61,229","38.5%","28,154","36.7%","33,075","40.3%","53,948","43.1%","24,783","40.1%","29,165","45.9%","20,913","27.3%","10,198","27.4%","10,715","27.2%"
"    Black alone","207,097","(X)","118,467","(X)","88,630","(X)","N","(X)","N","(X)","N","(X)","N","(X)","N","(X)","N","(X)","N","(X)","N","(X)","N","(X)","8,294","(X)","4,467","(X)","3,827","(X)","N","(X)","N","(X)","N","(X)","N","(X)","N","(X)","N","(X)","N","(X)","N","(X)","N","(X)","N","(X)","N","(X)","N","(X)","N","(X)","N","(X)","N","(X)","96,654","(X)","52,071","(X)","44,583","(X)","5,254","(X)","3,773","(X)","1,481","(X)","N","(X)","N","(X)","N","(X)","N","(X)","N","(X)","N","(X)","46,660","(X)","26,564","(X)","20,096","(X)","N","(X)","N","(X)","N","(X)","19,752","(X)","10,894","(X)","8,858","(X)","6,690","(X)","4,054","(X)","2,636","(X)","7,595","(X)","4,727","(X)","2,868","(X)","N","(X)","N","(X)","N","(X)","N","(X)","N","(X)","N","(X)"
"        High school graduate or higher","183,527","88.6%","104,879","88.5%","78,648","88.7%","N","N","N","N","N","N","N","N","N","N","N","N","N","N","N","N","N","N","7,406","89.3%","4,318","96.7%","3,088","80.7%","N","N","N","N","N","N","N","N","N","N","N","N","N","N","N","N","N","N","N","N","N","N","N","N","N","N","N","N","N","N","84,478","87.4%","45,244","86.9%","39,234","88.0%","5,170","98.4%","3,689","97.8%","1,481","100.0%","N","N","N","N","N","N","N","N","N","N","N","N","41,982","90.0%","23,818","89.7%","18,164","90.4%","N","N","N","N","N","N","17,165","86.9%","9,623","88.3%","7,542","85.1%","5,715","85.4%","3,381","83.4%","2,334","88.5%","6,821","89.8%","4,288","90.7%","2,533","88.3%","N","N","N","N","N","N","N","N","N","N","N","N"
"        Bachelor's degree or higher","57,122","27.6%","31,749","26.8%","25,373","28.6%","N","N","N","N","N","N","N","N","N","N","N","N","N","N","N","N","N","N","2,011","24.2%","762","17.1%","1,249","32.6%","N","N","N","N","N","N","N","N","N","N","N","N","N","N","N","N","N","N","N","N","N","N","N","N","N","N","N","N","N","N","30,066","31.1%","15,720","30.2%","14,346","32.2%","1,039","19.8%","486","12.9%","553","37.3%","N","N","N","N","N","N","N","N","N","N","N","N","10,568","22.6%","6,136","23.1%","4,432","22.1%","N","N","N","N","N","N","6,007","30.4%","4,025","36.9%","1,982","22.4%","1,266","18.9%","745","18.4%","521","19.8%","2,393","31.5%","1,441","30.5%","952","33.2%","N","N","N","N","N","N","N","N","N","N","N","N"
"    American Indian or Alaska Native alone","61,648","(X)","30,516","(X)","31,132","(X)","N","(X)","N","(X)","N","(X)","N","(X)","N","(X)","N","(X)","1,890","(X)","972","(X)","918","(X)","N","(X)","N","(X)","N","(X)","N","(X)","N","(X)","N","(X)","N","(X)","N","(X)","N","(X)","N","(X)","N","(X)","N","(X)","2,375","(X)","1,482","(X)","893","(X)","N","(X)","N","(X)","N","(X)","9,341","(X)","4,570","(X)","4,771","(X)","1,662","(X)","922","(X)","740","(X)","N","(X)","N","(X)","N","(X)","N","(X)","N","(X)","N","(X)","5,699","(X)","2,656","(X)","3,043","(X)","N","(X)","N","(X)","N","(X)","5,953","(X)","3,401","(X)","2,552","(X)","3,961","(X)","2,045","(X)","1,916","(X)","N","(X)","N","(X)","N","(X)","2,444","(X)","1,152","(X)","1,292","(X)","6,324","(X)","2,705","(X)","3,619","(X)"
"        High school graduate or higher","50,815","82.4%","24,782","81.2%","26,033","83.6%","N","N","N","N","N","N","N","N","N","N","N","N","1,719","91.0%","881","90.6%","838","91.3%","N","N","N","N","N","N","N","N","N","N","N","N","N","N","N","N","N","N","N","N","N","N","N","N","2,266","95.4%","1,449","97.8%","817","91.5%","N","N","N","N","N","N","7,562","81.0%","3,601","78.8%","3,961","83.0%","1,291","77.7%","601","65.2%","690","93.2%","N","N","N","N","N","N","N","N","N","N","N","N","4,445","78.0%","2,014","75.8%","2,431","79.9%","N","N","N","N","N","N","5,277","88.6%","3,128","92.0%","2,149","84.2%","3,308","83.5%","1,619","79.2%","1,689","88.2%","N","N","N","N","N","N","1,870","76.5%","682","59.2%","1,188","92.0%","5,048","79.8%","2,175","80.4%","2,873","79.4%"
"        Bachelor's degree or higher","9,918","16.1%","3,958","13.0%","5,960","19.1%","N","N","N","N","N","N","N","N","N","N","N","N","340","18.0%","202","20.8%","138","15.0%","N","N","N","N","N","N","N","N","N","N","N","N","N","N","N","N","N","N","N","N","N","N","N","N","98","4.1%","0","0.0%","98","11.0%","N","N","N","N","N","N","2,320","24.8%","1,174","25.7%","1,146","24.0%","192","11.6%","39","4.2%","153","20.7%","N","N","N","N","N","N","N","N","N","N","N","N","978","17.2%","251","9.5%","727","23.9%","N","N","N","N","N","N","1,167","19.6%","739","21.7%","428","16.8%","751","19.0%","259","12.7%","492","25.7%","N","N","N","N","N","N","367","15.0%","112","9.7%","255","19.7%","1,212","19.2%","473","17.5%","739","20.4%"
"    Asian alone","566,954","(X)","262,328","(X)","304,626","(X)","4,848","(X)","2,076","(X)","2,772","(X)","N","(X)","N","(X)","N","(X)","N","(X)","N","(X)","N","(X)","17,559","(X)","7,981","(X)","9,578","(X)","N","(X)","N","(X)","N","(X)","N","(X)","N","(X)","N","(X)","N","(X)","N","(X)","N","(X)","N","(X)","N","(X)","N","(X)","3,269","(X)","798","(X)","2,471","(X)","353,323","(X)","170,565","(X)","182,758","(X)","11,010","(X)","4,776","(X)","6,234","(X)","N","(X)","N","(X)","N","(X)","N","(X)","N","(X)","N","(X)","46,690","(X)","18,763","(X)","27,927","(X)","2,166","(X)","804","(X)","1,362","(X)","82,269","(X)","38,295","(X)","43,974","(X)","9,249","(X)","3,743","(X)","5,506","(X)","13,692","(X)","5,473","(X)","8,219","(X)","7,902","(X)","3,613","(X)","4,289","(X)","2,311","(X)","799","(X)","1,512","(X)"
"        High school graduate or higher","513,845","90.6%","243,597","92.9%","270,248","88.7%","4,350","89.7%","1,904","91.7%","2,446","88.2%","N","N","N","N","N","N","N","N","N","N","N","N","15,930","90.7%","7,604","95.3%","8,326","86.9%","N","N","N","N","N","N","N","N","N","N","N","N","N","N","N","N","N","N","N","N","N","N","N","N","3,105","95.0%","798","100.0%","2,307","93.4%","320,464","90.7%","158,396","92.9%","162,068","88.7%","9,933","90.2%","4,605","96.4%","5,328","85.5%","N","N","N","N","N","N","N","N","N","N","N","N","40,841","87.5%","17,103","91.2%","23,738","85.0%","1,952","90.1%","692","86.1%","1,260","92.5%","77,473","94.2%","36,381","95.0%","41,092","93.4%","7,336","79.3%","2,927","78.2%","4,409","80.1%","12,759","93.2%","5,215","95.3%","7,544","91.8%","7,382","93.4%","3,404","94.2%","3,978","92.7%","2,071","89.6%","631","79.0%","1,440","95.2%"
"        Bachelor's degree or higher","338,081","59.6%","164,370","62.7%","173,711","57.0%","2,246","46.3%","982","47.3%","1,264","45.6%","N","N","N","N","N","N","N","N","N","N","N","N","8,912","50.8%","4,743","59.4%","4,169","43.5%","N","N","N","N","N","N","N","N","N","N","N","N","N","N","N","N","N","N","N","N","N","N","N","N","893","27.3%","209","26.2%","684","27.7%","231,388","65.5%","116,831","68.5%","114,557","62.7%","4,904","44.5%","2,367","49.6%","2,537","40.7%","N","N","N","N","N","N","N","N","N","N","N","N","17,127","36.7%","5,861","31.2%","11,266","40.3%","721","33.3%","266","33.1%","455","33.4%","50,727","61.7%","24,284","63.4%","26,443","60.1%","3,756","40.6%","1,877","50.1%","1,879","34.1%","5,852","42.7%","2,623","47.9%","3,229","39.3%","3,619","45.8%","1,551","42.9%","2,068","48.2%","1,286","55.6%","375","46.9%","911","60.3%"
"    Native Hawaiian and Other Pacific Islander alone","35,417","(X)","16,800","(X)","18,617","(X)","N","(X)","N","(X)","N","(X)","N","(X)","N","(X)","N","(X)","N","(X)","N","(X)","N","(X)","N","(X)","N","(X)","N","(X)","N","(X)","N","(X)","N","(X)","N","(X)","N","(X)","N","(X)","N","(X)","N","(X)","N","(X)","N","(X)","N","(X)","N","(X)","N","(X)","N","(X)","N","(X)","11,316","(X)","5,362","(X)","5,954","(X)","N","(X)","N","(X)","N","(X)","N","(X)","N","(X)","N","(X)","N","(X)","N","(X)","N","(X)","9,618","(X)","4,654","(X)","4,964","(X)","N","(X)","N","(X)","N","(X)","3,878","(X)","1,862","(X)","2,016","(X)","N","(X)","N","(X)","N","(X)","2,217","(X)","1,290","(X)","927","(X)","N","(X)","N","(X)","N","(X)","N","(X)","N","(X)","N","(X)"
"        High school graduate or higher","30,786","86.9%","14,753","87.8%","16,033","86.1%","N","N","N","N","N","N","N","N","N","N","N","N","N","N","N","N","N","N","N","N","N","N","N","N","N","N","N","N","N","N","N","N","N","N","N","N","N","N","N","N","N","N","N","N","N","N","N","N","N","N","N","N","N","N","9,102","80.4%","4,579","85.4%","4,523","76.0%","N","N","N","N","N","N","N","N","N","N","N","N","N","N","N","N","N","N","8,466","88.0%","3,782","81.3%","4,684","94.4%","N","N","N","N","N","N","3,683","95.0%","1,766","94.8%","1,917","95.1%","N","N","N","N","N","N","2,217","100.0%","1,290","100.0%","927","100.0%","N","N","N","N","N","N","N","N","N","N","N","N"
"        Bachelor's degree or higher","4,776","13.5%","3,341","19.9%","1,435","7.7%","N","N","N","N","N","N","N","N","N","N","N","N","N","N","N","N","N","N","N","N","N","N","N","N","N","N","N","N","N","N","N","N","N","N","N","N","N","N","N","N","N","N","N","N","N","N","N","N","N","N","N","N","N","N","2,196","19.4%","1,661","31.0%","535","9.0%","N","N","N","N","N","N","N","N","N","N","N","N","N","N","N","N","N","N","691","7.2%","385","8.3%","306","6.2%","N","N","N","N","N","N","210","5.4%","69","3.7%","141","7.0%","N","N","N","N","N","N","519","23.4%","352","27.3%","167","18.0%","N","N","N","N","N","N","N","N","N","N","N","N"
"    Some other race alone","255,114","(X)","135,209","(X)","119,905","(X)","9,911","(X)","5,857","(X)","4,054","(X)","8,519","(X)","4,745","(X)","3,774","(X)","N","(X)","N","(X)","N","(X)","10,323","(X)","5,929","(X)","4,394","(X)","2,013","(X)","1,348","(X)","665","(X)","12,049","(X)","6,266","(X)","5,783","(X)","9,758","(X)","4,767","(X)","4,991","(X)","N","(X)","N","(X)","N","(X)","N","(X)","N","(X)","N","(X)","69,705","(X)","36,427","(X)","33,278","(X)","5,018","(X)","2,722","(X)","2,296","(X)","N","(X)","N","(X)","N","(X)","N","(X)","N","(X)","N","(X)","18,123","(X)","9,976","(X)","8,147","(X)","9,833","(X)","4,830","(X)","5,003","(X)","27,101","(X)","14,378","(X)","12,723","(X)","7,014","(X)","4,059","(X)","2,955","(X)","5,256","(X)","3,018","(X)","2,238","(X)","5,339","(X)","2,515","(X)","2,824","(X)","25,045","(X)","12,880","(X)","12,165","(X)"
"        High school graduate or higher","163,474","64.1%","84,180","62.3%","79,294","66.1%","5,292","53.4%","3,187","54.4%","2,105","51.9%","4,203","49.3%","2,173","45.8%","2,030","53.8%","N","N","N","N","N","N","8,572","83.0%","4,678","78.9%","3,894","88.6%","1,295","64.3%","816","60.5%","479","72.0%","6,516","54.1%","3,213","51.3%","3,303","57.1%","5,027","51.5%","2,185","45.8%","2,842","56.9%","N","N","N","N","N","N","N","N","N","N","N","N","47,727","68.5%","24,504","67.3%","23,223","69.8%","3,449","68.7%","1,977","72.6%","1,472","64.1%","N","N","N","N","N","N","N","N","N","N","N","N","14,423","79.6%","8,020","80.4%","6,403","78.6%","5,707","58.0%","2,516","52.1%","3,191","63.8%","15,551","57.4%","8,091","56.3%","7,460","58.6%","5,455","77.8%","3,065","75.5%","2,390","80.9%","4,600","87.5%","2,514","83.3%","2,086","93.2%","3,555","66.6%","1,584","63.0%","1,971","69.8%","14,257","56.9%","6,779","52.6%","7,478","61.5%"
"        Bachelor's degree or higher","41,207","16.2%","20,983","15.5%","20,224","16.9%","878","8.9%","431","7.4%","447","11.0%","1,090","12.8%","799","16.8%","291","7.7%","N","N","N","N","N","N","2,036","19.7%","1,263","21.3%","773","17.6%","280","13.9%","177","13.1%","103","15.5%","1,298","10.8%","614","9.8%","684","11.8%","470","4.8%","327","6.9%","143","2.9%","N","N","N","N","N","N","N","N","N","N","N","N","17,235","24.7%","8,468","23.2%","8,767","26.3%","925","18.4%","366","13.4%","559","24.3%","N","N","N","N","N","N","N","N","N","N","N","N","2,600","14.3%","1,103","11.1%","1,497","18.4%","743","7.6%","535","11.1%","208","4.2%","4,635","17.1%","2,694","18.7%","1,941","15.3%","1,669","23.8%","802","19.8%","867","29.3%","1,258","23.9%","438","14.5%","820","36.6%","578","10.8%","348","13.8%","230","8.1%","1,375","5.5%","488","3.8%","887","7.3%"
"    Two or more races","512,266","(X)","258,612","(X)","253,654","(X)","15,271","(X)","8,364","(X)","6,907","(X)","4,259","(X)","2,307","(X)","1,952","(X)","4,818","(X)","2,578","(X)","2,240","(X)","36,123","(X)","17,273","(X)","18,850","(X)","5,532","(X)","2,618","(X)","2,914","(X)","12,831","(X)","6,907","(X)","5,924","(X)","10,343","(X)","5,265","(X)","5,078","(X)","4,608","(X)","1,916","(X)","2,692","(X)","5,006","(X)","2,169","(X)","2,837","(X)","139,193","(X)","72,616","(X)","66,577","(X)","16,523","(X)","8,037","(X)","8,486","(X)","4,984","(X)","1,990","(X)","2,994","(X)","4,173","(X)","2,077","(X)","2,096","(X)","71,736","(X)","35,076","(X)","36,660","(X)","6,503","(X)","3,005","(X)","3,498","(X)","47,424","(X)","23,588","(X)","23,836","(X)","24,424","(X)","12,299","(X)","12,125","(X)","18,968","(X)","9,433","(X)","9,535","(X)","10,985","(X)","5,595","(X)","5,390","(X)","38,697","(X)","20,023","(X)","18,674","(X)"
"        High school graduate or higher","448,897","87.6%","221,422","85.6%","227,475","89.7%","12,155","79.6%","7,083","84.7%","5,072","73.4%","3,065","72.0%","1,502","65.1%","1,563","80.1%","4,422","91.8%","2,306","89.4%","2,116","94.5%","31,845","88.2%","14,841","85.9%","17,004","90.2%","4,829","87.3%","2,329","89.0%","2,500","85.8%","8,196","63.9%","4,021","58.2%","4,175","70.5%","8,251","79.8%","3,729","70.8%","4,522","89.1%","4,255","92.3%","1,706","89.0%","2,549","94.7%","4,824","96.4%","2,105","97.0%","2,719","95.8%","128,229","92.1%","66,088","91.0%","62,141","93.3%","15,449","93.5%","7,037","87.6%","8,412","99.1%","3,369","67.6%","1,370","68.8%","1,999","66.8%","3,542","84.9%","1,617","77.9%","1,925","91.8%","65,013","90.6%","31,019","88.4%","33,994","92.7%","5,489","84.4%","2,523","84.0%","2,966","84.8%","42,805","90.3%","20,858","88.4%","21,947","92.1%","22,208","90.9%","10,919","88.8%","11,289","93.1%","18,080","95.3%","8,692","92.1%","9,388","98.5%","9,677","88.1%","4,605","82.3%","5,072","94.1%","27,701","71.6%","14,418","72.0%","13,283","71.1%"
"        Bachelor's degree or higher","160,882","31.4%","74,070","28.6%","86,812","34.2%","3,055","20.0%","1,356","16.2%","1,699","24.6%","1,156","27.1%","402","17.4%","754","38.6%","1,427","29.6%","590","22.9%","837","37.4%","10,066","27.9%","4,789","27.7%","5,277","28.0%","593","10.7%","410","15.7%","183","6.3%","1,837","14.3%","1,064","15.4%","773","13.0%","1,031","10.0%","391","7.4%","640","12.6%","1,143","24.8%","414","21.6%","729","27.1%","2,169","43.3%","871","40.2%","1,298","45.8%","66,955","48.1%","33,463","46.1%","33,492","50.3%","4,367","26.4%","2,191","27.3%","2,176","25.6%","1,274","25.6%","400","20.1%","874","29.2%","512","12.3%","315","15.2%","197","9.4%","18,848","26.3%","8,293","23.6%","10,555","28.8%","1,522","23.4%","540","18.0%","982","28.1%","15,145","31.9%","6,489","27.5%","8,656","36.3%","6,459","26.4%","2,302","18.7%","4,157","34.3%","6,412","33.8%","2,553","27.1%","3,859","40.5%","3,254","29.6%","1,410","25.2%","1,844","34.2%","4,236","10.9%","1,644","8.2%","2,592","13.9%"
"    Hispanic or Latino Origin","572,985","(X)","298,954","(X)","274,031","(X)","25,913","(X)","13,225","(X)","12,688","(X)","11,886","(X)","6,484","(X)","5,402","(X)","3,272","(X)","1,788","(X)","1,484","(X)","29,742","(X)","15,271","(X)","14,471","(X)","5,562","(X)","2,907","(X)","2,655","(X)","26,758","(X)","14,015","(X)","12,743","(X)","21,868","(X)","11,819","(X)","10,049","(X)","4,393","(X)","2,119","(X)","2,274","(X)","4,325","(X)","2,436","(X)","1,889","(X)","136,762","(X)","72,957","(X)","63,805","(X)","13,684","(X)","7,129","(X)","6,555","(X)","4,345","(X)","1,875","(X)","2,470","(X)","3,939","(X)","2,321","(X)","1,618","(X)","60,017","(X)","31,488","(X)","28,529","(X)","14,042","(X)","6,791","(X)","7,251","(X)","51,123","(X)","26,826","(X)","24,297","(X)","20,300","(X)","10,453","(X)","9,847","(X)","17,181","(X)","8,832","(X)","8,349","(X)","12,279","(X)","6,058","(X)","6,221","(X)","67,263","(X)","34,289","(X)","32,974","(X)"
"        High school graduate or higher","412,642","72.0%","207,592","69.4%","205,050","74.8%","16,997","65.6%","9,277","70.1%","7,720","60.8%","6,208","52.2%","2,939","45.3%","3,269","60.5%","2,886","88.2%","1,500","83.9%","1,386","93.4%","22,623","76.1%","11,174","73.2%","11,449","79.1%","4,002","72.0%","1,909","65.7%","2,093","78.8%","15,368","57.4%","7,572","54.0%","7,796","61.2%","13,334","61.0%","6,426","54.4%","6,908","68.7%","1,891","43.0%","968","45.7%","923","40.6%","3,997","92.4%","2,187","89.8%","1,810","95.8%","104,689","76.5%","54,437","74.6%","50,252","78.8%","11,023","80.6%","5,292","74.2%","5,731","87.4%","2,666","61.4%","1,023","54.6%","1,643","66.5%","2,142","54.4%","1,152","49.6%","990","61.2%","49,265","82.1%","25,001","79.4%","24,264","85.1%","9,090","64.7%","4,081","60.1%","5,009","69.1%","35,944","70.3%","18,359","68.4%","17,585","72.4%","16,856","83.0%","8,448","80.8%","8,408","85.4%","14,838","86.4%","7,581","85.8%","7,257","86.9%","9,270","75.5%","4,138","68.3%","5,132","82.5%","43,472","64.6%","21,388","62.4%","22,084","67.0%"
"        Bachelor's degree or higher","113,154","19.7%","54,545","18.2%","58,609","21.4%","4,156","16.0%","1,811","13.7%","2,345","18.5%","1,668","14.0%","986","15.2%","682","12.6%","846","25.9%","586","32.8%","260","17.5%","5,824","19.6%","3,063","20.1%","2,761","19.1%","141","2.5%","45","1.5%","96","3.6%","2,470","9.2%","1,439","10.3%","1,031","8.1%","1,094","5.0%","496","4.2%","598","6.0%","234","5.3%","210","9.9%","24","1.1%","1,144","26.5%","562","23.1%","582","30.8%","44,839","32.8%","23,562","32.3%","21,277","33.3%","2,814","20.6%","1,220","17.1%","1,594","24.3%","262","6.0%","169","9.0%","93","3.8%","380","9.6%","199","8.6%","181","11.2%","12,083","20.1%","5,590","17.8%","6,493","22.8%","1,438","10.2%","471","6.9%","967","13.3%","10,818","21.2%","5,578","20.8%","5,240","21.6%","4,695","23.1%","1,650","15.8%","3,045","30.9%","3,938","22.9%","1,822","20.6%","2,116","25.3%","2,940","23.9%","1,053","17.4%","1,887","30.3%","5,181","7.7%","1,302","3.8%","3,879","11.8%"
"POVERTY RATE FOR THE POPULATION 25 YEARS AND OVER FOR WHOM POVERTY STATUS IS DETERMINED BY EDUCATIONAL ATTAINMENT LEVEL","","","","","","","","","","","","","","","","","","","","","","","","","","","","","","","","","","","","","","","","","","","","","","","","","","","","","","","","","","","","","","","","","","","","","","","","","","","","","","","","","","","","","","","","","","","","","","","","","","","","","","","","","","","","","","","","","","","","","","","","","","","","","",""
"    Less than high school graduate","(X)","20.3%","(X)","17.0%","(X)","24.2%","(X)","28.1%","(X)","29.7%","(X)","26.7%","(X)","9.1%","(X)","4.9%","(X)","16.8%","(X)","29.6%","(X)","31.9%","(X)","25.9%","(X)","18.8%","(X)","14.0%","(X)","23.8%","(X)","19.7%","(X)","20.6%","(X)","18.2%","(X)","14.5%","(X)","9.5%","(X)","20.5%","(X)","19.0%","(X)","9.7%","(X)","30.5%","(X)","44.4%","(X)","24.0%","(X)","60.9%","(X)","8.8%","(X)","10.3%","(X)","6.1%","(X)","21.1%","(X)","16.1%","(X)","26.0%","(X)","22.0%","(X)","21.6%","(X)","22.5%","(X)","19.2%","(X)","24.9%","(X)","10.5%","(X)","31.7%","(X)","30.7%","(X)","33.2%","(X)","16.3%","(X)","13.9%","(X)","19.0%","(X)","16.8%","(X)","17.2%","(X)","16.3%","(X)","20.9%","(X)","12.1%","(X)","31.0%","(X)","20.2%","(X)","20.8%","(X)","19.3%","(X)","13.5%","(X)","19.6%","(X)","7.0%","(X)","10.1%","(X)","10.8%","(X)","8.5%","(X)","23.5%","(X)","21.6%","(X)","25.8%"
"    High school graduate (includes equivalency)","(X)","12.5%","(X)","10.5%","(X)","14.8%","(X)","11.2%","(X)","10.9%","(X)","11.6%","(X)","12.6%","(X)","13.3%","(X)","11.9%","(X)","18.4%","(X)","17.3%","(X)","19.7%","(X)","11.8%","(X)","9.6%","(X)","14.1%","(X)","15.9%","(X)","11.1%","(X)","20.4%","(X)","10.9%","(X)","12.4%","(X)","9.1%","(X)","15.7%","(X)","18.8%","(X)","11.7%","(X)","19.1%","(X)","15.0%","(X)","23.6%","(X)","6.8%","(X)","4.4%","(X)","9.8%","(X)","12.6%","(X)","9.6%","(X)","15.8%","(X)","13.1%","(X)","12.0%","(X)","14.3%","(X)","16.6%","(X)","8.7%","(X)","26.9%","(X)","11.0%","(X)","6.7%","(X)","15.4%","(X)","11.3%","(X)","9.0%","(X)","14.2%","(X)","13.0%","(X)","12.0%","(X)","13.9%","(X)","10.3%","(X)","9.0%","(X)","11.7%","(X)","11.9%","(X)","10.3%","(X)","13.6%","(X)","12.9%","(X)","11.7%","(X)","14.2%","(X)","12.9%","(X)","7.5%","(X)","19.0%","(X)","17.3%","(X)","16.1%","(X)","18.7%"
"    Some college or associate's degree","(X)","9.5%","(X)","8.0%","(X)","10.9%","(X)","11.7%","(X)","9.2%","(X)","14.1%","(X)","5.5%","(X)","3.0%","(X)","7.4%","(X)","14.2%","(X)","18.5%","(X)","10.6%","(X)","6.1%","(X)","4.1%","(X)","7.8%","(X)","10.6%","(X)","9.7%","(X)","11.4%","(X)","3.4%","(X)","2.6%","(X)","4.0%","(X)","13.6%","(X)","13.3%","(X)","13.8%","(X)","12.9%","(X)","15.2%","(X)","10.9%","(X)","7.1%","(X)","7.8%","(X)","6.4%","(X)","10.6%","(X)","8.8%","(X)","12.3%","(X)","9.3%","(X)","8.3%","(X)","10.3%","(X)","8.8%","(X)","4.5%","(X)","11.9%","(X)","10.3%","(X)","8.3%","(X)","12.3%","(X)","7.5%","(X)","5.9%","(X)","9.0%","(X)","11.3%","(X)","10.5%","(X)","12.2%","(X)","8.5%","(X)","6.6%","(X)","10.3%","(X)","11.1%","(X)","9.6%","(X)","12.4%","(X)","8.9%","(X)","6.5%","(X)","11.0%","(X)","13.0%","(X)","13.1%","(X)","13.0%","(X)","9.6%","(X)","6.0%","(X)","12.5%"
"    Bachelor's degree or higher","(X)","4.3%","(X)","3.7%","(X)","4.9%","(X)","3.3%","(X)","3.9%","(X)","2.8%","(X)","2.3%","(X)","0.4%","(X)","4.4%","(X)","2.4%","(X)","2.2%","(X)","2.6%","(X)","5.3%","(X)","5.6%","(X)","5.1%","(X)","5.8%","(X)","6.6%","(X)","5.1%","(X)","1.3%","(X)","1.3%","(X)","1.3%","(X)","6.1%","(X)","4.8%","(X)","7.2%","(X)","8.6%","(X)","9.7%","(X)","7.5%","(X)","2.0%","(X)","1.8%","(X)","2.2%","(X)","3.7%","(X)","2.9%","(X)","4.6%","(X)","3.8%","(X)","4.0%","(X)","3.5%","(X)","4.5%","(X)","3.4%","(X)","5.5%","(X)","3.3%","(X)","1.6%","(X)","4.6%","(X)","3.7%","(X)","3.0%","(X)","4.3%","(X)","6.4%","(X)","5.9%","(X)","6.9%","(X)","4.8%","(X)","4.3%","(X)","5.3%","(X)","4.3%","(X)","3.1%","(X)","5.3%","(X)","4.5%","(X)","4.1%","(X)","4.9%","(X)","4.8%","(X)","4.3%","(X)","5.2%","(X)","5.1%","(X)","7.6%","(X)","3.0%"
"MEDIAN EARNINGS IN THE PAST 12 MONTHS (IN 2022 INFLATION-ADJUSTED DOLLARS)","","","","","","","","","","","","","","","","","","","","","","","","","","","","","","","","","","","","","","","","","","","","","","","","","","","","","","","","","","","","","","","","","","","","","","","","","","","","","","","","","","","","","","","","","","","","","","","","","","","","","","","","","","","","","","","","","","","","","","","","","","","","","",""
"    Population 25 years and over with earnings","59,430","(X)","68,109","(X)","49,352","(X)","51,441","(X)","65,328","(X)","38,400","(X)","48,430","(X)","58,053","(X)","39,232","(X)","47,207","(X)","50,078","(X)","43,262","(X)","57,650","(X)","66,481","(X)","46,964","(X)","47,556","(X)","63,320","(X)","34,380","(X)","44,555","(X)","51,447","(X)","36,510","(X)","43,734","(X)","49,226","(X)","32,421","(X)","42,112","(X)","56,832","(X)","35,917","(X)","50,946","(X)","57,602","(X)","39,595","(X)","75,237","(X)","88,795","(X)","62,054","(X)","55,445","(X)","68,137","(X)","45,095","(X)","48,161","(X)","52,389","(X)","40,649","(X)","53,754","(X)","62,618","(X)","45,719","(X)","59,131","(X)","65,878","(X)","51,212","(X)","52,186","(X)","61,171","(X)","44,603","(X)","63,482","(X)","75,824","(X)","52,594","(X)","47,277","(X)","54,375","(X)","40,978","(X)","55,744","(X)","62,386","(X)","48,406","(X)","51,249","(X)","58,863","(X)","43,758","(X)","41,064","(X)","46,982","(X)","34,870","(X)"
"        Less than high school graduate","36,000","(X)","40,821","(X)","27,512","(X)","27,054","(X)","36,530","(X)","22,068","(X)","35,411","(X)","37,149","(X)","25,475","(X)","32,980","(X)","21,366","(X)","63,233","(X)","36,333","(X)","40,562","(X)","28,289","(X)","30,929","(X)","38,264","(X)","22,550","(X)","31,951","(X)","37,060","(X)","22,150","(X)","29,890","(X)","32,963","(X)","18,750","(X)","33,724","(X)","41,250","(X)","11,669","(X)","41,313","(X)","41,617","(X)","-","(X)","37,662","(X)","41,045","(X)","30,841","(X)","26,996","(X)","30,823","(X)","24,252","(X)","34,808","(X)","40,122","(X)","32,344","(X)","29,773","(X)","47,114","(X)","16,783","(X)","44,803","(X)","52,891","(X)","33,324","(X)","40,369","(X)","51,171","(X)","25,068","(X)","42,336","(X)","46,774","(X)","36,699","(X)","36,501","(X)","40,050","(X)","30,379","(X)","31,719","(X)","32,740","(X)","30,964","(X)","42,006","(X)","43,941","(X)","24,852","(X)","31,499","(X)","35,039","(X)","28,111","(X)"
"        High school graduate (includes equivalency)","42,288","(X)","50,374","(X)","35,322","(X)","41,304","(X)","49,646","(X)","32,286","(X)","34,425","(X)","42,621","(X)","30,017","(X)","42,358","(X)","47,110","(X)","33,804","(X)","42,201","(X)","50,998","(X)","36,170","(X)","46,209","(X)","56,170","(X)","28,368","(X)","35,054","(X)","39,277","(X)","33,448","(X)","40,965","(X)","41,119","(X)","39,525","(X)","33,680","(X)","34,513","(X)","31,709","(X)","44,094","(X)","52,120","(X)","32,434","(X)","46,100","(X)","52,145","(X)","38,055","(X)","48,945","(X)","52,193","(X)","40,320","(X)","42,356","(X)","50,810","(X)","36,009","(X)","50,080","(X)","54,674","(X)","34,326","(X)","45,813","(X)","52,401","(X)","38,276","(X)","38,399","(X)","41,630","(X)","33,436","(X)","48,498","(X)","54,344","(X)","39,089","(X)","34,139","(X)","41,102","(X)","30,842","(X)","40,378","(X)","42,269","(X)","37,690","(X)","40,310","(X)","50,499","(X)","22,346","(X)","37,236","(X)","44,023","(X)","31,955","(X)"
"        Some college or associate's degree","51,740","(X)","61,596","(X)","42,451","(X)","50,122","(X)","62,614","(X)","38,123","(X)","49,385","(X)","58,402","(X)","44,123","(X)","40,410","(X)","44,139","(X)","36,872","(X)","54,850","(X)","65,475","(X)","43,516","(X)","47,248","(X)","73,592","(X)","33,705","(X)","55,917","(X)","75,990","(X)","37,499","(X)","44,927","(X)","60,673","(X)","24,560","(X)","45,628","(X)","60,482","(X)","37,451","(X)","47,158","(X)","53,653","(X)","39,439","(X)","53,962","(X)","59,324","(X)","46,906","(X)","51,444","(X)","67,618","(X)","39,843","(X)","42,062","(X)","58,645","(X)","40,507","(X)","55,640","(X)","73,296","(X)","42,284","(X)","54,516","(X)","66,600","(X)","46,065","(X)","56,180","(X)","62,395","(X)","49,242","(X)","56,839","(X)","68,199","(X)","47,377","(X)","43,913","(X)","52,031","(X)","40,857","(X)","51,875","(X)","60,929","(X)","44,309","(X)","46,489","(X)","55,032","(X)","39,418","(X)","42,702","(X)","53,170","(X)","33,709","(X)"
"        Bachelor's degree","76,376","(X)","93,135","(X)","61,852","(X)","70,369","(X)","95,205","(X)","40,004","(X)","62,109","(X)","65,139","(X)","45,909","(X)","55,355","(X)","56,795","(X)","53,051","(X)","74,138","(X)","87,166","(X)","61,406","(X)","72,789","(X)","99,420","(X)","47,270","(X)","90,250","(X)","97,121","(X)","72,675","(X)","76,085","(X)","68,186","(X)","80,821","(X)","51,950","(X)","63,839","(X)","47,786","(X)","61,213","(X)","80,745","(X)","57,629","(X)","87,937","(X)","108,794","(X)","70,613","(X)","69,473","(X)","91,629","(X)","51,500","(X)","63,667","(X)","71,388","(X)","55,853","(X)","67,176","(X)","74,934","(X)","64,592","(X)","76,082","(X)","87,962","(X)","68,444","(X)","65,340","(X)","86,181","(X)","53,543","(X)","81,226","(X)","100,945","(X)","64,446","(X)","61,371","(X)","73,448","(X)","50,083","(X)","67,002","(X)","81,484","(X)","51,754","(X)","58,463","(X)","70,971","(X)","47,049","(X)","57,465","(X)","81,333","(X)","50,816","(X)"
"        Graduate or professional degree","100,613","(X)","123,731","(X)","83,186","(X)","81,891","(X)","99,917","(X)","74,604","(X)","92,620","(X)","112,966","(X)","77,384","(X)","82,504","(X)","92,123","(X)","76,004","(X)","101,113","(X)","115,612","(X)","85,831","(X)","49,728","(X)","32,435","(X)","51,371","(X)","88,778","(X)","101,677","(X)","74,792","(X)","94,252","(X)","118,193","(X)","93,225","(X)","80,327","(X)","96,979","(X)","76,915","(X)","58,159","(X)","61,679","(X)","47,040","(X)","120,010","(X)","149,970","(X)","94,063","(X)","100,350","(X)","123,636","(X)","78,894","(X)","63,622","(X)","65,274","(X)","51,566","(X)","71,192","(X)","80,429","(X)","62,338","(X)","89,239","(X)","102,544","(X)","82,886","(X)","80,610","(X)","84,725","(X)","76,657","(X)","107,689","(X)","129,229","(X)","92,676","(X)","75,033","(X)","88,033","(X)","63,493","(X)","82,972","(X)","86,117","(X)","77,152","(X)","76,928","(X)","93,157","(X)","67,389","(X)","78,179","(X)","102,814","(X)","66,920","(X)"
